file,name,complexity
c:/src/pylint-intervention/data/in_the_wild\versions/Publications/e998977e05ddc6937de9ee6f8229c3661b219614/after/publications_slash_utils.py,load_settings,21
c:/src/pylint-intervention/data/in_the_wild\versions/Publications/e998977e05ddc6937de9ee6f8229c3661b219614/after/publications_slash_utils.py,to_date,9
c:/src/pylint-intervention/data/in_the_wild\versions/Publications/e998977e05ddc6937de9ee6f8229c3661b219614/after/publications_slash_utils.py,DownloadParametersMixin,9
c:/src/pylint-intervention/data/in_the_wild\versions/Publications/e998977e05ddc6937de9ee6f8229c3661b219614/after/publications_slash_utils.py,EmailServer.__init__,9
c:/src/pylint-intervention/data/in_the_wild\versions/Publications/e998977e05ddc6937de9ee6f8229c3661b219614/after/publications_slash_utils.py,DownloadParametersMixin.get_parameters,8
c:/src/pylint-intervention/data/in_the_wild\versions/Publications/e998977e05ddc6937de9ee6f8229c3661b219614/after/publications_slash_utils.py,to_ascii,7
c:/src/pylint-intervention/data/in_the_wild\versions/Publications/e998977e05ddc6937de9ee6f8229c3661b219614/after/publications_slash_utils.py,get_formatted_authors,7
c:/src/pylint-intervention/data/in_the_wild\versions/Publications/e998977e05ddc6937de9ee6f8229c3661b219614/after/publications_slash_utils.py,get_publication,6
c:/src/pylint-intervention/data/in_the_wild\versions/Publications/e998977e05ddc6937de9ee6f8229c3661b219614/after/publications_slash_utils.py,to_bool,5
c:/src/pylint-intervention/data/in_the_wild\versions/Publications/e998977e05ddc6937de9ee6f8229c3661b219614/after/publications_slash_utils.py,EmailServer,5
c:/src/pylint-intervention/data/in_the_wild\versions/Publications/e998977e05ddc6937de9ee6f8229c3661b219614/after/publications_slash_utils.py,get_docs,4
c:/src/pylint-intervention/data/in_the_wild\versions/Publications/e998977e05ddc6937de9ee6f8229c3661b219614/after/publications_slash_utils.py,get_researcher,4
c:/src/pylint-intervention/data/in_the_wild\versions/Publications/e998977e05ddc6937de9ee6f8229c3661b219614/after/publications_slash_utils.py,get_label,4
c:/src/pylint-intervention/data/in_the_wild\versions/Publications/e998977e05ddc6937de9ee6f8229c3661b219614/after/publications_slash_utils.py,get_blacklisted,4
c:/src/pylint-intervention/data/in_the_wild\versions/Publications/e998977e05ddc6937de9ee6f8229c3661b219614/after/publications_slash_utils.py,get_dbserver,3
c:/src/pylint-intervention/data/in_the_wild\versions/Publications/e998977e05ddc6937de9ee6f8229c3661b219614/after/publications_slash_utils.py,get_count,3
c:/src/pylint-intervention/data/in_the_wild\versions/Publications/e998977e05ddc6937de9ee6f8229c3661b219614/after/publications_slash_utils.py,squish,3
c:/src/pylint-intervention/data/in_the_wild\versions/Publications/e998977e05ddc6937de9ee6f8229c3661b219614/after/publications_slash_utils.py,strip_prefix,3
c:/src/pylint-intervention/data/in_the_wild\versions/Publications/e998977e05ddc6937de9ee6f8229c3661b219614/after/publications_slash_utils.py,get_db,2
c:/src/pylint-intervention/data/in_the_wild\versions/Publications/e998977e05ddc6937de9ee6f8229c3661b219614/after/publications_slash_utils.py,get_doc,2
c:/src/pylint-intervention/data/in_the_wild\versions/Publications/e998977e05ddc6937de9ee6f8229c3661b219614/after/publications_slash_utils.py,get_account,2
c:/src/pylint-intervention/data/in_the_wild\versions/Publications/e998977e05ddc6937de9ee6f8229c3661b219614/after/publications_slash_utils.py,check_password,2
c:/src/pylint-intervention/data/in_the_wild\versions/Publications/e998977e05ddc6937de9ee6f8229c3661b219614/after/publications_slash_utils.py,timestamp,2
c:/src/pylint-intervention/data/in_the_wild\versions/Publications/e998977e05ddc6937de9ee6f8229c3661b219614/after/publications_slash_utils.py,today,2
c:/src/pylint-intervention/data/in_the_wild\versions/Publications/e998977e05ddc6937de9ee6f8229c3661b219614/after/publications_slash_utils.py,EmailServer.__del__,2
c:/src/pylint-intervention/data/in_the_wild\versions/Publications/e998977e05ddc6937de9ee6f8229c3661b219614/after/publications_slash_utils.py,NocaseDict,2
c:/src/pylint-intervention/data/in_the_wild\versions/Publications/e998977e05ddc6937de9ee6f8229c3661b219614/after/publications_slash_utils.py,NocaseDict.__init__,2
c:/src/pylint-intervention/data/in_the_wild\versions/Publications/e998977e05ddc6937de9ee6f8229c3661b219614/after/publications_slash_utils.py,NocaseDict.__str__,2
c:/src/pylint-intervention/data/in_the_wild\versions/Publications/e998977e05ddc6937de9ee6f8229c3661b219614/after/publications_slash_utils.py,NocaseDict.get,2
c:/src/pylint-intervention/data/in_the_wild\versions/Publications/e998977e05ddc6937de9ee6f8229c3661b219614/after/publications_slash_utils.py,get_iuid,1
c:/src/pylint-intervention/data/in_the_wild\versions/Publications/e998977e05ddc6937de9ee6f8229c3661b219614/after/publications_slash_utils.py,hashed_password,1
c:/src/pylint-intervention/data/in_the_wild\versions/Publications/e998977e05ddc6937de9ee6f8229c3661b219614/after/publications_slash_utils.py,epoch_to_iso,1
c:/src/pylint-intervention/data/in_the_wild\versions/Publications/e998977e05ddc6937de9ee6f8229c3661b219614/after/publications_slash_utils.py,years,1
c:/src/pylint-intervention/data/in_the_wild\versions/Publications/e998977e05ddc6937de9ee6f8229c3661b219614/after/publications_slash_utils.py,EmailServer.send,1
c:/src/pylint-intervention/data/in_the_wild\versions/Publications/e998977e05ddc6937de9ee6f8229c3661b219614/after/publications_slash_utils.py,NocaseDict.keys,1
c:/src/pylint-intervention/data/in_the_wild\versions/Publications/e998977e05ddc6937de9ee6f8229c3661b219614/after/publications_slash_utils.py,NocaseDict.__getitem__,1
c:/src/pylint-intervention/data/in_the_wild\versions/Publications/e998977e05ddc6937de9ee6f8229c3661b219614/after/publications_slash_utils.py,NocaseDict.__setitem__,1
